1	1000
33	159.67	
65	72.45	
97	32.88
2	777.06	
34	155.78	
66	70.69	
98	32.08
3	658.52	
35	151.98	
67	68.96	
99	31.29
4	577.65	
36	148.27	
68	67.28	
100	30.53
5	520.41	
37	144.65	
69	65.64	
101	29.79
6	477.44	
38	141.13	
70	64.04	
102	29.06
7	444.13	
39	137.68	
71	62.48	
103	28.35
8	415.07	
40	134.33	
72	60.95	
104	27.66
9	389.74	
41	131.05	
73	59.47	
105	26.98
10	367.68	
42	127.85	
74	58.02	
106	26.33
11	348.51	
43	124.74	
75	56.60	
107	25.68
12	331.91	
44	121.69	
76	55.22	
108	25.06
13	316.11	
45	118.73	
77	53.87	
109	24.45
14	301.06	
46	115.83	
78	52.56	
110	23.85
15	286.72	
47	113.00	
79	51.28	
111	23.27
16	273.07	
48	110.25	
80	50.03	
112	22.70
17	260.06	
49	107.56	
81	48.81	
113	22.15
18	250.06	
50	104.94	
82	47.62	
114	21.61
19	240.44	
51	102.38	
83	46.46	
115	21.08
20	231.20	
52	99.88	
84	45.32	
116	20.57
21	222.30	
53	97.44	
85	44.22	
117	20.06
22	216.88	
54	95.07	
86	43.14	
118	19.57
23	211.59	
55	92.75	
87	42.09	
119	19.10
24	206.43	
56	90.49	
88	41.06	
120	18.63
25	201.40	
57	88.28	
89	40.06	
121	18.18
26	196.48	
58	86.13	
90	39.08	
122	17.82
27	191.69	
59	84.02	
91	38.13	
123	17.47
28	187.02	
60	81.98	
92	37.20	
124	17.13
29	182.46	
61	79.98	
93	36.29	
125	16.79
30	178.00	
62	78.03	
94	35.41	
126	16.46
31	173.66	
63	76.12	
95	34.54	
127	16.14
32	169.43	
64	74.27	
96	33.70	
128	15.82


129	15.51	
161	8.23	
193	4.37	
225	2.32
130	15.21	
162	8.07	
194	4.28	
226	2.27
131	14.91	
163	7.91	
195	4.20	
227	2.23
132	14.62	
164	7.76	
196	4.12	
228	2.18
133	14.33	
165	7.61	
197	4.04	
229	2.14
134	14.05	
166	7.46	
198	3.96	
230	2.10
135	13.78	
167	7.31	
199	3.88	
231	2.06
136	13.51	
168	7.17	
200	3.80	
232	2.02
137	13.24	
169	7.03	
201	3.73	
233	1.98
138	12.98	
170	6.89	
202	3.66	
234	1.94
139	12.73	
171	6.75	
203	3.58	
235	1.90
140	12.48	
172	6.62	
204	3.51	
236	1.86
141	12.23	
173	6.49	
205	3.44	
237	1.83
142	11.99	
174	6.36	
206	3.38	
238	1.79
143	11.76	
175	6.24	
207	3.31	
239	1.76
144	11.53	
176	6.12	
208	3.25	
240	1.72
145	11.30	
177	6.00	
209	3.18	
241	1.69
146	11.08	
178	5.88	
210	3.12	
242	1.66
147	10.86	
179	5.76	
211	3.06	
243	1.62
148	10.65	
180	5.65	
212	3.00	
244	1.59
149	10.44	
181	5.54	
213	2.94	
245	1.56
150	10.24	
182	5.43	
214	2.88	
246	1.53
151	10.04	
183	5.32	
215	2.83	
247	1.50
152	9.84	
184	5.22	
216	2.77	
248	1.47
153	9.65	
185	5.12	
217	2.72	
249	1.44
154	9.46	
186	5.02	
218	2.66	
250	1.41
155	9.27	
187	4.92	
219	2.61	
251	1.39
156	9.09	
188	4.82	
220	2.56	
252	1.36
157	8.91	
189	4.73	
221	2.51	
253	1.33
158	8.74	
190	4.64	
222	2.46	
254	1.31
159	8.56	
191	4.54	
223	2.41	
255	1.28
160	8.40	
192	4.46	
224	2.36	
256	1.25